event,node,start,end
form start,,1686202011197,
question,/data/Technical_module/SvyDate,1686202011203,1686202013639
question,/data/Technical_module/HHCoord,1686202013652,1686202070919
question,/data/Technical_module/ADMIN1Name,1686202070932,1686202076645
question,/data/Technical_module/ADMIN3Name,1686202076663,1686202088807
question,/data/Technical_module/ADMIN5Name,1686202088832,1686202099749
question,/data/Technical_module/ADMIN3Name,1686202099773,1686202104574
question,/data/Technical_module/ADMIN5Name,1686202104598,1686202109327
question,/data/Technical_module/EnuName,1686202109346,1686202113565
question,/data/Technical_module/EnuSex,1686202113585,1686202116265
question,/data/Technical_module/sampleYN,1686202116281,1686202119891
question,/data/Technical_module/HHID,1686202119903,1686202312409
question,/data/Technical_module/generated_note_name_20,1686202312430,1686202323979
question,/data/Technical_module/RESPAge,1686202323995,1686202337830
question,/data/Technical_module/RESPSex,1686202337845,1686202341064
question,/data/Technical_module/RESPStatus,1686202341079,1686202344332
question,/data/Consent/Consent_1,1686202344347,1686202346202
question,/data/Consent/ConsentYN,1686202346215,1686202351675
question,/data/SurveyYN/Demographic_module/HHStatus,1686202351686,1686202354872
question,/data/SurveyYN/Demographic_module/MDDIHHHDisplArrive,1686202354887,1686202371401
question,/data/SurveyYN/Demographic_module/MDDIHHDisplChoice,1686202371416,1686202378291
question,/data/SurveyYN/Demographic_module/HHhostDisp,1686202378304,1686202386014
question,/data/SurveyYN/Demographic_module/MDDIHHIdDoc,1686202386029,1686202389108
question,/data/SurveyYN/Demographic_module/HHSize,1686202389121,1686202454326
question,/data/SurveyYN/HHMem_health/note_HHMem_health,1686202757954,1686202759734
question,/data/SurveyYN/HHMem_health/MDDIHHDisabledNb,1686202759749,1686202764122
question,/data/SurveyYN/HHMem_health/note_HH_Health,1686202764138,1686202768731
question,/data/SurveyYN/HHMem_health/MMDIHHHealthFac,1686202768744,1686202775612
question,/data/SurveyYN/HHMem_health/MMDIHHHealthFac_dist,1686202775625,1686202779989
question,/data/SurveyYN/HHMem_health/HHHealthAcMildNeed,1686202780004,1686202790276
question,/data/SurveyYN/HHMem_health/HHHealthAcMildTreat,1686202790290,1686202808471
question,/data/SurveyYN/HHMem_health/HHHealthAcMildWhy,1686202808484,1686202818364
question,/data/SurveyYN/HHMem_health/HHHealthAcMildTreat,1686202818380,1686202822825
question,/data/SurveyYN/HHMem_health/HHHealthAcMildWhy,1686202822839,1686202846231
question,/data/SurveyYN/HHMem_health/HHHealthAcMildTreat,1686202846248,1686202855055
question,/data/SurveyYN/HHMem_health/HHHealthAcMildWhy,1686202855068,1686202878187
question,/data/SurveyYN/HHMem_health/HHHealthAcMildTreat,1686202878202,1686202879740
question,/data/SurveyYN/HHMem_health/HHHealthAcMildNeed,1686202879755,1686202901265
question,/data/SurveyYN/HHMem_health/HHHealthAcMildTreat,1686202901280,1686202905902
question,/data/SurveyYN/HHMem_health/HHHealthAcSevereNeed,1686202905917,1686202916054
question,/data/SurveyYN/HHMem_health/HHHealthChronNeed,1686202916069,1686202921954
question,/data/SurveyYN/HHMem_health/HHHealthEmergNeed,1686202921967,1686202931825
question,/data/SurveyYN/Foodbased_remote_module/RESPFoodWorry_YN,1686202931839,1686202944714
question,/data/SurveyYN/Foodbased_remote_module/RESPPercFoodSec,1686202944729,1686203014985
question,/data/SurveyYN/Foodbased_remote_module/RESPMeals,1686203015003,1686203022700
question,/data/SurveyYN/FCS_FCSN_submodule/FCS_note,1686203022713,1686203024750
question,/data/SurveyYN/FCS_FCSN_submodule/FCSNote,1686203024764,1686203026597
question,/data/SurveyYN/FCS_FCSN_submodule/FCSStap,1686203026611,1686203030162
question,/data/SurveyYN/FCS_FCSN_submodule/FCSPulse,1686203030175,1686203041212
question,/data/SurveyYN/FCS_FCSN_submodule/FCSDairy,1686203041226,1686203047310
question,/data/SurveyYN/FCS_FCSN_submodule/FCSPr,1686203047324,1686203055353
question,/data/SurveyYN/FCS_FCSN_submodule/FCSVeg,1686203055369,1686203122045
question,/data/SurveyYN/FCS_FCSN_submodule/FCSNVegOrg,1686203122061,1686203132618
question,/data/SurveyYN/FCS_FCSN_submodule/FCSNVegGre,1686203132633,1686203151108
question,/data/SurveyYN/FCS_FCSN_submodule/FCSNVegOrg,1686203151122,1686203154386
question,/data/SurveyYN/FCS_FCSN_submodule/FCSVeg,1686203154405,1686203196084
question,/data/SurveyYN/FCS_FCSN_submodule/FCSNVegOrg,1686203196098,1686203197551
question,/data/SurveyYN/FCS_FCSN_submodule/FCSNVegGre,1686203197565,1686203198997
question,/data/SurveyYN/FCS_FCSN_submodule/FCSFruit,1686203199013,1686203212220
question,/data/SurveyYN/FCS_FCSN_submodule/FCSFat,1686203212232,1686203223697
question,/data/SurveyYN/FCS_FCSN_submodule/FCSSugar,1686203223710,1686203273722
question,/data/SurveyYN/FCS_FCSN_submodule/FCSCond,1686203273743,1686203290665
question,/data/SurveyYN/genrCSI_submodule/rCSI_note,1686203290693,1686203293064
question,/data/SurveyYN/genrCSI_submodule/rCSINote,1686203293079,1686203295537
question,/data/SurveyYN/genrCSI_submodule/rCSILessQlty,1686203295552,1686203310116
question,/data/SurveyYN/genrCSI_submodule/rCSIBorrow,1686203310127,1686203322332
question,/data/SurveyYN/genrCSI_submodule/rCSIMealSize,1686203322346,1686203336546
question,/data/SurveyYN/genrCSI_submodule/rCSIMealAdult,1686203336557,1686203346519
question,/data/SurveyYN/genrCSI_submodule/rCSIMealNb,1686203346531,1686203351984
question,/data/SurveyYN/LhCSEN_submodule/LcsEN_note1,1686203352003,1686203355903
question,/data/SurveyYN/LhCSEN_submodule/LcsEN_note2,1686203355916,1686203358302
question,/data/SurveyYN/LhCSEN_submodule/LcsEN_stress_DomAsset,1686203358317,1686203374949
question,/data/SurveyYN/LhCSEN_submodule/LcsEN_stress_CrdtFood,1686203374961,1686203414725
question,/data/SurveyYN/LhCSEN_submodule/LcsEN_stress_Saving,1686203414738,1686203425844
question,/data/SurveyYN/LhCSEN_submodule/LcsEN_stress_BorrowCash,1686203425857,1686203437484
question,/data/SurveyYN/LhCSEN_submodule/LhCSIEnAccess_stress,1686203437498,1686203462528
question,/data/SurveyYN/LhCSEN_submodule/LcsEN_note3,1686203462541,1686203465612
question,/data/SurveyYN/LhCSEN_submodule/LcsEN_crisis_ProdAssets,1686203465627,1686203469067
question,/data/SurveyYN/LhCSEN_submodule/LcsEN_note3,1686203469084,1686203485106
question,/data/SurveyYN/LhCSEN_submodule/LcsEN_crisis_ProdAssets,1686203485121,1686203496855
question,/data/SurveyYN/LhCSEN_submodule/LcsEN_crisis_Health,1686203496869,1686203549140
question,/data/SurveyYN/LhCSEN_submodule/LcsEN_crisis_ProdAssets,1686203549154,1686203550823
question,/data/SurveyYN/LhCSEN_submodule/LcsEN_note3,1686203550839,1686203553071
question,/data/SurveyYN/LhCSEN_submodule/LcsEN_crisis_ProdAssets,1686203553086,1686203555422
question,/data/SurveyYN/LhCSEN_submodule/LcsEN_crisis_Health,1686203555437,1686203569210
question,/data/SurveyYN/LhCSEN_submodule/LcsEN_crisis_OutSchool,1686203569226,1686203574279
question,/data/SurveyYN/LhCSEN_submodule/LhCSIEnAccess_crisis,1686203574292,1686203582466
question,/data/SurveyYN/LhCSEN_submodule/LcsEN_note4,1686203582481,1686203593594
question,/data/SurveyYN/LhCSEN_submodule/LcsEN_em_ChildWork,1686203593610,1686203599614
question,/data/SurveyYN/LhCSEN_submodule/LcsEN_em_Begged,1686203599629,1686203602983
question,/data/SurveyYN/LhCSEN_submodule/LcsEN_em_IllegalAct,1686203602998,1686203605949
question,/data/SurveyYN/Expenditures_module/Food_submodule/HHExpFoodNote,1686203605963,1686203613475
question,/data/SurveyYN/Expenditures_module/Food_submodule/HHExpFoodNote_7D,1686203613488,1686203615019
question,/data/SurveyYN/Expenditures_module/Food_submodule/HHExpFCer,1686203615034,1686203616826
question,/data/SurveyYN/Expenditures_module/Food_submodule/HHExpFCer_Purch_7D,1686203616841,1686203624393
question,/data/SurveyYN/Expenditures_module/Food_submodule/HHExpFCer_Purch_MN_7D,1686203624406,1686203677980
question,/data/SurveyYN/Expenditures_module/Food_submodule/HHExpFCer_GiftAid_7D,1686203677994,1686203681878
question,/data/SurveyYN/Expenditures_module/Food_submodule/HHExpFCer_Own_7D,1686203681892,1686203688344
question,/data/SurveyYN/Expenditures_module/Food_submodule/HHExpFTub,1686203688356,1686203690592
question,/data/SurveyYN/Expenditures_module/Food_submodule/HHExpFTub_Purch_7D,1686203690606,1686203692859
question,/data/SurveyYN/Expenditures_module/Food_submodule/HHExpFTub,1686203692873,1686203694335
question,/data/SurveyYN/Expenditures_module/Food_submodule/HHExpFTub_Purch_7D,1686203694348,1686203697040
question,/data/SurveyYN/Expenditures_module/Food_submodule/HHExpFTub_Purch_MN_7D,1686203697055,1686203700240
question,/data/SurveyYN/Expenditures_module/Food_submodule/HHExpFTub_Purch_7D,1686203700255,1686203702159
question,/data/SurveyYN/Expenditures_module/Food_submodule/HHExpFTub_GiftAid_7D,1686203702173,1686203703796
question,/data/SurveyYN/Expenditures_module/Food_submodule/HHExpFTub_Own_7D,1686203703810,1686203705385
question,/data/SurveyYN/Expenditures_module/Food_submodule/HHExpFPuls,1686203705400,1686203709175
question,/data/SurveyYN/Expenditures_module/Food_submodule/HHExpFPuls_Purch_7D,1686203709189,1686203712049
question,/data/SurveyYN/Expenditures_module/Food_submodule/HHExpFPuls_Purch_MN_7D,1686203712063,1686203731834
question,/data/SurveyYN/Expenditures_module/Food_submodule/HHExpFPuls_GiftAid_7D,1686203731850,1686203734543
question,/data/SurveyYN/Expenditures_module/Food_submodule/HHExpFPuls_Own_7D,1686203734560,1686203736144
question,/data/SurveyYN/Expenditures_module/Food_submodule/HHExpFVeg,1686203736159,1686203737553
question,/data/SurveyYN/Expenditures_module/Food_submodule/HHExpFVeg_Purch_7D,1686203737566,1686203740319
question,/data/SurveyYN/Expenditures_module/Food_submodule/HHExpFVeg_Purch_MN_7D,1686203740334,1686203758346
question,/data/SurveyYN/Expenditures_module/Food_submodule/HHExpFVeg_GiftAid_7D,1686203758359,1686203762234
question,/data/SurveyYN/Expenditures_module/Food_submodule/HHExpFVeg_Own_7D,1686203762248,1686203763847
question,/data/SurveyYN/Expenditures_module/Food_submodule/HHExpFFrt,1686203763863,1686203768178
question,/data/SurveyYN/Expenditures_module/Food_submodule/HHExpFFrt_Purch_7D,1686203768191,1686203775280
question,/data/SurveyYN/Expenditures_module/Food_submodule/HHExpFFrt_GiftAid_7D,1686203775295,1686203776980
question,/data/SurveyYN/Expenditures_module/Food_submodule/HHExpFFrt_Own_7D,1686203776994,1686203778628
question,/data/SurveyYN/Expenditures_module/Food_submodule/HHExpFAnimMeat,1686203778641,1686203783010
question,/data/SurveyYN/Expenditures_module/Food_submodule/HHExpFAnimMeat_Purch_7D,1686203783022,1686203784890
question,/data/SurveyYN/Expenditures_module/Food_submodule/HHExpFAnimMeat_GiftAid_7D,1686203784906,1686203793088
question,/data/SurveyYN/Expenditures_module/Food_submodule/HHExpFAnimMeat_Own_7D,1686203793102,1686203795284
question,/data/SurveyYN/Expenditures_module/Food_submodule/HHExpFAnimFish,1686203795297,1686203798677
question,/data/SurveyYN/Expenditures_module/Food_submodule/HHExpFAnimFish_Purch_7D,1686203798691,1686203806033
question,/data/SurveyYN/Expenditures_module/Food_submodule/HHExpFAnimFish_GiftAid_7D,1686203806048,1686203812519
question,/data/SurveyYN/Expenditures_module/Food_submodule/HHExpFAnimFish_Own_7D,1686203812534,1686203815821
question,/data/SurveyYN/Expenditures_module/Food_submodule/HHExpFFats,1686203815836,1686203817092
question,/data/SurveyYN/Expenditures_module/Food_submodule/HHExpFFats_Purch_7D,1686203817105,1686203824510
question,/data/SurveyYN/Expenditures_module/Food_submodule/HHExpFFats_Purch_MN_7D,1686203824525,1686203842638
question,/data/SurveyYN/Expenditures_module/Food_submodule/HHExpFFats_GiftAid_7D,1686203842654,1686203846364
question,/data/SurveyYN/Expenditures_module/Food_submodule/HHExpFFats_Own_7D,1686203846381,1686203847867
question,/data/SurveyYN/Expenditures_module/Food_submodule/HHExpFDairy,1686203847882,1686203849278
question,/data/SurveyYN/Expenditures_module/Food_submodule/HHExpFDairy_Purch_7D,1686203849292,1686203851305
question,/data/SurveyYN/Expenditures_module/Food_submodule/HHExpFDairy_GiftAid_7D,1686203851320,1686203852649
question,/data/SurveyYN/Expenditures_module/Food_submodule/HHExpFDairy_Own_7D,1686203852662,1686203854077
question,/data/SurveyYN/Expenditures_module/Food_submodule/HHExpFEgg,1686203854091,1686203856124
question,/data/SurveyYN/Expenditures_module/Food_submodule/HHExpFEgg_Purch_7D,1686203856139,1686203873098
question,/data/SurveyYN/Expenditures_module/Food_submodule/HHExpFEgg_GiftAid_7D,1686203873114,1686203875472
question,/data/SurveyYN/Expenditures_module/Food_submodule/HHExpFEgg_Own_7D,1686203875486,1686203876856
question,/data/SurveyYN/Expenditures_module/Food_submodule/HHExpFSgr,1686203876871,1686203878554
question,/data/SurveyYN/Expenditures_module/Food_submodule/HHExpFSgr_Purch_7D,1686203878568,1686203883590
question,/data/SurveyYN/Expenditures_module/Food_submodule/HHExpFSgr_Purch_MN_7D,1686203883605,1686203892014
question,/data/SurveyYN/Expenditures_module/Food_submodule/HHExpFSgr_GiftAid_7D,1686203892028,1686203901690
question,/data/SurveyYN/Expenditures_module/Food_submodule/HHExpFSgr_GiftAid_MN_7D,1686203901706,1686203905612
question,/data/SurveyYN/Expenditures_module/Food_submodule/HHExpFSgr_Own_7D,1686203905628,1686203917078
question,/data/SurveyYN/Expenditures_module/Food_submodule/HHExpFCond,1686203917091,1686203918918
question,/data/SurveyYN/Expenditures_module/Food_submodule/HHExpFCond_Purch_7D,1686203918929,1686203923984
question,/data/SurveyYN/Expenditures_module/Food_submodule/HHExpFCond_Purch_MN_7D,1686203923997,1686203935090
question,/data/SurveyYN/Expenditures_module/Food_submodule/HHExpFCond_GiftAid_7D,1686203935104,1686203938107
question,/data/SurveyYN/Expenditures_module/Food_submodule/HHExpFCond_Own_7D,1686203938118,1686203943959
question,/data/SurveyYN/Expenditures_module/Food_submodule/HHExpFBev,1686203943972,1686203952164
question,/data/SurveyYN/Expenditures_module/Food_submodule/HHExpFBev_Purch_7D,1686203952177,1686203958195
question,/data/SurveyYN/Expenditures_module/Food_submodule/HHExpFBev_GiftAid_7D,1686203958209,1686203959580
question,/data/SurveyYN/Expenditures_module/Food_submodule/HHExpFBev_Own_7D,1686203959592,1686203961085
question,/data/SurveyYN/Expenditures_module/Food_submodule/HHExpFOut,1686203961103,1686203962496
question,/data/SurveyYN/Expenditures_module/Food_submodule/HHExpFOut_Purch_7D,1686203962507,1686203976100
question,/data/SurveyYN/Expenditures_module/Food_submodule/HHExpFOut_Purch_MN_7D,1686203976117,1686203982379
question,/data/SurveyYN/Expenditures_module/Food_submodule/HHExpFOut_GiftAid_7D,1686203982392,1686203986198
question,/data/SurveyYN/Expenditures_module/Food_submodule/HHExpFOut_Own_7D,1686203986211,1686203990972
question,/data/SurveyYN/Expenditures_module/NonFoodConsumption_submodule/HHExpNFConsNote,1686203990984,1686203992964
question,/data/SurveyYN/Expenditures_module/NonFoodConsumption_submodule/HHExpNFHyg,1686203992983,1686203995395
question,/data/SurveyYN/Expenditures_module/NonFoodConsumption_submodule/HHExpNFHyg_Purch_1M,1686203995408,1686204004223
question,/data/SurveyYN/Expenditures_module/NonFoodConsumption_submodule/HHExpNFHyg,1686204004239,1686204019051
question,/data/SurveyYN/Expenditures_module/NonFoodConsumption_submodule/HHExpNFHyg_Purch_1M,1686204019064,1686204027813
question,/data/SurveyYN/Expenditures_module/NonFoodConsumption_submodule/HHExpNFHyg_Purch_MN_1M,1686204027828,1686204032738
question,/data/SurveyYN/Expenditures_module/NonFoodConsumption_submodule/HHExpNFHyg_GiftAid_1M,1686204032755,1686204039041
question,/data/SurveyYN/Expenditures_module/NonFoodConsumption_submodule/HHExpNFHyg_GiftAid_MN_1M,1686204039056,1686204049235
question,/data/SurveyYN/Expenditures_module/NonFoodConsumption_submodule/HHExpNFTransp,1686204049247,1686204054199
question,/data/SurveyYN/Expenditures_module/NonFoodConsumption_submodule/HHExpNFTransp_Purch_1M,1686204054213,1686204057206
question,/data/SurveyYN/Expenditures_module/NonFoodConsumption_submodule/HHExpNFTransp_GiftAid_1M,1686204057217,1686204060365
question,/data/SurveyYN/Expenditures_module/NonFoodConsumption_submodule/HHExpNFFuel,1686204060377,1686204065434
question,/data/SurveyYN/Expenditures_module/NonFoodConsumption_submodule/HHExpNFFuel_Purch_1M,1686204065446,1686204073576
question,/data/SurveyYN/Expenditures_module/NonFoodConsumption_submodule/HHExpNFFuel_Purch_MN_1M,1686204073588,1686204087534
question,/data/SurveyYN/Expenditures_module/NonFoodConsumption_submodule/HHExpNFFuel_Purch_1M,1686204087547,1686204088776
question,/data/SurveyYN/Expenditures_module/NonFoodConsumption_submodule/HHExpNFFuel,1686204088789,1686204090325
question,/data/SurveyYN/Expenditures_module/NonFoodConsumption_submodule/HHExpNFTransp_GiftAid_1M,1686204090336,1686204093104
question,/data/SurveyYN/Expenditures_module/NonFoodConsumption_submodule/HHExpNFTransp_Purch_1M,1686204093117,1686204094764
question,/data/SurveyYN/Expenditures_module/NonFoodConsumption_submodule/HHExpNFTransp,1686204094777,1686204096742
question,/data/SurveyYN/Expenditures_module/NonFoodConsumption_submodule/HHExpNFHyg_GiftAid_MN_1M,1686204096756,1686204108785
question,/data/SurveyYN/Expenditures_module/NonFoodConsumption_submodule/HHExpNFHyg_GiftAid_1M,1686204108800,1686204111580
question,/data/SurveyYN/Expenditures_module/NonFoodConsumption_submodule/HHExpNFHyg_Purch_MN_1M,1686204111592,1686204117455
question,/data/SurveyYN/Expenditures_module/NonFoodConsumption_submodule/HHExpNFHyg_Purch_1M,1686204117468,1686204120401
question,/data/SurveyYN/Expenditures_module/NonFoodConsumption_submodule/HHExpNFHyg_Purch_MN_1M,1686204120414,1686204123513
question,/data/SurveyYN/Expenditures_module/NonFoodConsumption_submodule/HHExpNFHyg_Purch_1M,1686204123528,1686204124997
question,/data/SurveyYN/Expenditures_module/NonFoodConsumption_submodule/HHExpNFHyg,1686204125013,1686204127900
question,/data/SurveyYN/Expenditures_module/NonFoodConsumption_submodule/HHExpNFHyg_Purch_1M,1686204127915,1686204129096
question,/data/SurveyYN/Expenditures_module/NonFoodConsumption_submodule/HHExpNFHyg_Purch_MN_1M,1686204129110,1686204137864
question,/data/SurveyYN/Expenditures_module/NonFoodConsumption_submodule/HHExpNFHyg_GiftAid_1M,1686204137877,1686204142118
question,/data/SurveyYN/Expenditures_module/NonFoodConsumption_submodule/HHExpNFHyg_GiftAid_MN_1M,1686204142132,1686204155047
question,/data/SurveyYN/Expenditures_module/NonFoodConsumption_submodule/HHExpNFTransp,1686204155060,1686204156585
question,/data/SurveyYN/Expenditures_module/NonFoodConsumption_submodule/HHExpNFTransp_Purch_1M,1686204156600,1686204158576
question,/data/SurveyYN/Expenditures_module/NonFoodConsumption_submodule/HHExpNFTransp_GiftAid_1M,1686204158589,1686204161334
question,/data/SurveyYN/Expenditures_module/NonFoodConsumption_submodule/HHExpNFFuel,1686204161347,1686204162795
question,/data/SurveyYN/Expenditures_module/NonFoodConsumption_submodule/HHExpNFFuel_Purch_1M,1686204162808,1686204164384
question,/data/SurveyYN/Expenditures_module/NonFoodConsumption_submodule/HHExpNFFuel_Purch_MN_1M,1686204164398,1686204196173
question,/data/SurveyYN/Expenditures_module/NonFoodConsumption_submodule/HHExpNFFuel_GiftAid_1M,1686204196189,1686204199808
question,/data/SurveyYN/Expenditures_module/NonFoodConsumption_submodule/HHExpNFWat,1686204199821,1686204203502
question,/data/SurveyYN/Expenditures_module/NonFoodConsumption_submodule/HHExpNFWat_Purch_1M,1686204203516,1686204213416
question,/data/SurveyYN/Expenditures_module/NonFoodConsumption_submodule/HHExpNFWat_Purch_MN_1M,1686204213430,1686204217517
question,/data/SurveyYN/Expenditures_module/NonFoodConsumption_submodule/HHExpNFWat_GiftAid_1M,1686204217531,1686204222706
question,/data/SurveyYN/Expenditures_module/NonFoodConsumption_submodule/HHExpNFEnerg,1686204222720,1686204225323
question,/data/SurveyYN/Expenditures_module/NonFoodConsumption_submodule/HHExpNFEnerg_Purch_1M,1686204225338,1686204252229
question,/data/SurveyYN/Expenditures_module/NonFoodConsumption_submodule/HHExpNFEnerg_Purch_MN_1M,1686204252244,1686204257928
question,/data/SurveyYN/Expenditures_module/NonFoodConsumption_submodule/HHExpNFEnerg_GiftAid_1M,1686204257944,1686204264936
question,/data/SurveyYN/Expenditures_module/NonFoodConsumption_submodule/HHExpNFEnerg_Own_1M,1686204264952,1686204268289
question,/data/SurveyYN/Expenditures_module/NonFoodConsumption_submodule/HHExpNFDwelSer,1686204268302,1686204269707
question,/data/SurveyYN/Expenditures_module/NonFoodConsumption_submodule/HHExpNFDwelSer_Purch_1M,1686204269718,1686204279471
question,/data/SurveyYN/Expenditures_module/NonFoodConsumption_submodule/HHExpNFDwelSer_GiftAid_1M,1686204279485,1686204284069
question,/data/SurveyYN/Expenditures_module/NonFoodConsumption_submodule/HHExpNFPhone,1686204284080,1686204285714
question,/data/SurveyYN/Expenditures_module/NonFoodConsumption_submodule/HHExpNFPhone_Purch_1M,1686204285726,1686204288104
question,/data/SurveyYN/Expenditures_module/NonFoodConsumption_submodule/HHExpNFPhone_Purch_MN_1M,1686204288117,1686204315722
question,/data/SurveyYN/Expenditures_module/NonFoodConsumption_submodule/HHExpNFPhone_GiftAid_1M,1686204315735,1686204320896
question,/data/SurveyYN/Expenditures_module/NonFoodConsumption_submodule/HHExpNFRecr,1686204320908,1686204323097
question,/data/SurveyYN/Expenditures_module/NonFoodConsumption_submodule/HHExpNFRecr_Purch_1M,1686204323109,1686204326058
question,/data/SurveyYN/Expenditures_module/NonFoodConsumption_submodule/HHExpNFRecr_GiftAid_1M,1686204326070,1686204328487
question,/data/SurveyYN/Expenditures_module/NonFoodConsumption_submodule/HHExpNFAlcTobac,1686204328498,1686204332520
question,/data/SurveyYN/Expenditures_module/NonFoodConsumption_submodule/HHExpNFAlcTobac_Purch_1M,1686204332532,1686204338086
question,/data/SurveyYN/Expenditures_module/NonFoodConsumption_submodule/HHExpNFAlcTobac_Purch_MN_1M,1686204338098,1686204399371
question,/data/SurveyYN/Expenditures_module/NonFoodConsumption_submodule/HHExpNFAlcTobac_GiftAid_1M,1686204399387,1686204406131
question,/data/SurveyYN/Expenditures_module/NonFoodIntermediate_submodule/HHExpNFIntNote,1686204406145,1686204409855
question,/data/SurveyYN/Expenditures_module/NonFoodConsumption_submodule/HHExpNFAlcTobac_GiftAid_1M,1686204409868,1686204411962
question,/data/SurveyYN/Expenditures_module/NonFoodConsumption_submodule/HHExpNFAlcTobac_GiftAid_MN_1M,1686204411976,1686204424768
question,/data/SurveyYN/Expenditures_module/NonFoodIntermediate_submodule/HHExpNFIntNote,1686204424783,1686204428175
question,/data/SurveyYN/Expenditures_module/NonFoodIntermediate_submodule/HHExpNFMedServ,1686204428187,1686204429610
question,/data/SurveyYN/Expenditures_module/NonFoodIntermediate_submodule/HHExpNFMedServ_Purch_6M,1686204429623,1686204444920
question,/data/SurveyYN/Expenditures_module/NonFoodIntermediate_submodule/HHExpNFMedServ_Purch_MN_6M,1686204444934,1686204473326
question,/data/SurveyYN/Expenditures_module/NonFoodIntermediate_submodule/HHExpNFMedServ_GiftAid_6M,1686204473345,1686204477197
question,/data/SurveyYN/Expenditures_module/NonFoodIntermediate_submodule/HHExpNFMedGood,1686204477210,1686204480293
question,/data/SurveyYN/Expenditures_module/NonFoodIntermediate_submodule/HHExpNFMedGood_Purch_6M,1686204480312,1686204497150
question,/data/SurveyYN/Expenditures_module/NonFoodIntermediate_submodule/HHExpNFMedGood_Purch_MN_6M,1686204497164,1686204505570
question,/data/SurveyYN/Expenditures_module/NonFoodIntermediate_submodule/HHExpNFMedGood_GiftAid_6M,1686204505584,1686204511860
question,/data/SurveyYN/Expenditures_module/NonFoodIntermediate_submodule/HHExpNFCloth,1686204511874,1686204514183
question,/data/SurveyYN/Expenditures_module/NonFoodIntermediate_submodule/HHExpNFCloth_Purch_6M,1686204514197,1686204516505
question,/data/SurveyYN/Expenditures_module/NonFoodIntermediate_submodule/HHExpNFCloth_Purch_MN_6M,1686204516520,1686204557698
question,/data/SurveyYN/Expenditures_module/NonFoodIntermediate_submodule/HHExpNFCloth_GiftAid_6M,1686204557713,1686204568354
question,/data/SurveyYN/Expenditures_module/NonFoodIntermediate_submodule/HHExpNFCloth_GiftAid_MN_6M,1686204568368,1686204593607
question,/data/SurveyYN/Expenditures_module/NonFoodIntermediate_submodule/HHExpNFEduFee,1686204593621,1686204595263
question,/data/SurveyYN/Expenditures_module/NonFoodIntermediate_submodule/HHExpNFEduFee_Purch_6M,1686204595279,1686204604434
question,/data/SurveyYN/Expenditures_module/NonFoodIntermediate_submodule/HHExpNFEduFee_Purch_MN_6M,1686204604446,1686204632517
question,/data/SurveyYN/Expenditures_module/NonFoodIntermediate_submodule/HHExpNFEduFee_GiftAid_6M,1686204632529,1686204635718
question,/data/SurveyYN/Expenditures_module/NonFoodIntermediate_submodule/HHExpNFEduGood,1686204635732,1686204638826
question,/data/SurveyYN/Expenditures_module/NonFoodIntermediate_submodule/HHExpNFEduGood_Purch_6M,1686204638840,1686204643138
question,/data/SurveyYN/Expenditures_module/NonFoodIntermediate_submodule/HHExpNFEduGood_GiftAid_6M,1686204643151,1686204645645
question,/data/SurveyYN/Expenditures_module/NonFoodIntermediate_submodule/HHExpNFRent,1686204645657,1686204647404
question,/data/SurveyYN/Expenditures_module/NonFoodIntermediate_submodule/HHExpNFRent_Purch_6M,1686204647415,1686204651055
question,/data/SurveyYN/Expenditures_module/NonFoodIntermediate_submodule/HHExpNFRent_Purch_MN_6M,1686204651067,1686204658657
question,/data/SurveyYN/Expenditures_module/NonFoodIntermediate_submodule/HHExpNFRent_GiftAid_6M,1686204658672,1686204662551
question,/data/SurveyYN/Expenditures_module/NonFoodIntermediate_submodule/HHExpNFHHSoft,1686204662564,1686204669894
question,/data/SurveyYN/Expenditures_module/NonFoodIntermediate_submodule/HHExpNFHHSoft_Purch_6M,1686204669907,1686204678704
question,/data/SurveyYN/Expenditures_module/NonFoodIntermediate_submodule/HHExpNFHHSoft_GiftAid_6M,1686204678719,1686204684432
question,/data/SurveyYN/Expenditures_module/NonFoodIntermediate_submodule/HHExpNFHHMaint,1686204684447,1686204686105
question,/data/SurveyYN/Expenditures_module/NonFoodIntermediate_submodule/HHExpNFHHMaint_Purch_6M,1686204686118,1686204690370
question,/data/SurveyYN/Expenditures_module/NonFoodIntermediate_submodule/HHExpNFHHMaint,1686204690384,1686204693518
question,/data/SurveyYN/Expenditures_module/NonFoodIntermediate_submodule/HHExpNFHHSoft_GiftAid_6M,1686204693532,1686204697295
question,/data/SurveyYN/Expenditures_module/NonFoodIntermediate_submodule/HHExpNFHHSoft_GiftAid_MN_6M,1686204697309,1686204703107
question,/data/SurveyYN/Expenditures_module/NonFoodIntermediate_submodule/HHExpNFHHMaint,1686204703123,1686204704443
question,/data/SurveyYN/Expenditures_module/NonFoodIntermediate_submodule/HHExpNFHHMaint_Purch_6M,1686204704457,1686204718818
question,/data/SurveyYN/Expenditures_module/NonFoodIntermediate_submodule/HHExpNFHHMaint_GiftAid_6M,1686204718831,1686204721968
question,/data/SurveyYN/Assistance_module/AssistanceENA_submodule/HHAsstWFPCBTRecYN,1686204721984,1686204729482
question,/data/SurveyYN/Assistance_module/AssistanceENA_submodule/HHAsstWFPCBTRecTot,1686204729498,1686204749785
question,/data/SurveyYN/Assistance_module/AssistanceENA_submodule/ShanFiftyPercentRation,1686204749798,1686204755550
question,/data/SurveyYN/Assistance_module/AssistanceENA_submodule/ShanHundredPercentRation,1686204755563,1686204760429
question,/data/SurveyYN/Assistance_module/AssistanceENA_submodule/HHAsstUNNGOCBTRecYN,1686204760443,1686204765244
question,/data/SurveyYN/Assistance_module/AssistanceENA_submodule/HHAsstOthCBTRecYN,1686204765257,1686204767399
question,/data/SurveyYN/Assistance_module/AssistanceENA_submodule/HHAsstCBTCShare,1686204767412,1686204770505
question,/data/SurveyYN/Income_submodule/HHIncAll,1686204770520,1686204772947
question,/data/SurveyYN/Income_submodule/HHHOccupation,1686204772962,1686204785280
question,/data/SurveyYN/Income_submodule/HHInc_PCT,1686204785298,1686204790961
question,/data/SurveyYN/Income_submodule/HHIncNb,1686204790976,1686204797454
question,/data/SurveyYN/Income_submodule/HHIncFirst,1686204797468,1686204799962
question,/data/SurveyYN/Income_submodule/HHIncFirst_SRi,1686204799976,1686204811900
question,/data/SurveyYN/Income_submodule/HHIncFirst_PCT,1686204811915,1686204824637
question,/data/SurveyYN/Income_submodule/HHIncF_PCT,1686204824650,1686204829015
question,/data/SurveyYN/Income_submodule/HHInc017_PCT,1686204829028,1686204831462
question,/data/SurveyYN/Income_submodule/HHIncChg,1686204831474,1686204853786
question,/data/SurveyYN/FIES_module/FIESHHNote,1686204853800,1686204857233
question,/data/SurveyYN/FIES_module/FIESHHWorried,1686204857247,1686204866587
question,/data/SurveyYN/FIES_module/FIESHHHealthy,1686204866600,1686204875302
question,/data/SurveyYN/FIES_module/FIESHHFewFoods,1686204875315,1686204882565
question,/data/SurveyYN/FIES_module/FIESHHSkipped,1686204882577,1686204887571
question,/data/SurveyYN/FIES_module/FIESHHAteLess,1686204887585,1686204901575
question,/data/SurveyYN/FIES_module/FIESHHRanOut,1686204901586,1686204922504
question,/data/SurveyYN/FIES_module/HHSNoFood_FR,1686204922517,1686204929941
question,/data/SurveyYN/FIES_module/FIESHHHungry,1686204929952,1686204948357
question,/data/SurveyYN/FIES_module/FIESHHWholeDay,1686204948370,1686204954739
question,/data/SurveyYN/Housing_module/HouseBasic_submodule/note_Housing,1686204954752,1686204956410
question,/data/SurveyYN/Housing_module/HouseBasic_submodule/HHDwellType,1686204956423,1686204960684
question,/data/SurveyYN/Housing_module/HouseBasic_submodule/HHTenureType,1686204960695,1686204967120
question,/data/SurveyYN/Housing_module/HouseBasic_submodule/HHTenureRisk,1686204967135,1686204980212
question,/data/SurveyYN/Housing_module/HouseBasic_submodule/HHRoomUsed,1686204980225,1686204983452
question,/data/SurveyYN/Housing_module/HouseBasic_submodule/HHWallType,1686204983467,1686204988872
question,/data/SurveyYN/Housing_module/HouseBasic_submodule/HHRoofType,1686204988891,1686204992660
question,/data/SurveyYN/Housing_module/HouseBasic_submodule/HHFloorType,1686204992675,1686205001766
question,/data/SurveyYN/Housing_module/HouseBasic_submodule/HHToiletType,1686205001780,1686205007454
question,/data/SurveyYN/Housing_module/HouseBasic_submodule/HHToiletWho,1686205007469,1686205011568
question,/data/SurveyYN/Housing_module/HouseBasic_submodule/HHEnerCookStove,1686205011585,1686205018310
question,/data/SurveyYN/Housing_module/HouseBasic_submodule/HHEnerCookSRC,1686205018326,1686205027443
question,/data/SurveyYN/Housing_module/HouseBasic_submodule/HHEnerLightSRC,1686205027457,1686205032636
question,/data/SurveyYN/WaterSources_submodule/HHWaterSRC,1686205032651,1686205041453
question,/data/SurveyYN/WaterSources_submodule/HHWaterLoc,1686205041466,1686205045321
question,/data/SurveyYN/Assets_module/WealthSimpleHouseholdItems_submodule/note_assets,1686205045335,1686205049455
question,/data/SurveyYN/Assets_module/WealthSimpleHouseholdItems_submodule/WealthSimpleHouseholdItems,1686205049469,1686205064139
question,/data/SurveyYN/Assets_module/WealthBasicElecItems_submodule/WealthBasicElecItems,1686205064154,1686205072138
question,/data/SurveyYN/Assets_module/WealthAdvElecItems_submodule/WealthAdvElecItems,1686205072153,1686205078260
question,/data/SurveyYN/Assets_module/WealthTransportAssets_submodule/WealthTransportAssets,1686205078276,1686205083093
question,/data/SurveyYN/Assets_module/WealthLivestockAssets_submodule/WealthLivestockAssets,1686205083106,1686205087934
question,/data/SurveyYN/Assets_module/WealthLivelihoodsAssets_submodule/WealthLivelihoodsAssets,1686205087951,1686205090329
question,/data/SurveyYN/Safety_module/SafetyBasic_submodule/note_SafetyBasic,1686205090343,1686205091979
question,/data/SurveyYN/Safety_module/SafetyBasic_submodule/MDDIHHPercSafe,1686205091995,1686205097942
question,/data/SurveyYN/Safety_module/SafetyBasic_submodule/MDDIHHShInsec6M,1686205097956,1686205102913
question,/data/SurveyYN/Safety_module/SafetyBasic_submodule/MDDIHHDiscrim,1686205102928,1686205105142
question,/data/SurveyYN/MDDW_module/MDDW_note,1686205105157,1686205106892
question,/data/SurveyYN/MDDW_module/noteMDDW,1686205106904,1686205108029
question,/data/SurveyYN/MDDW_module/PWMDDWStapCer,1686205108042,1686205110584
question,/data/SurveyYN/MDDW_module/PWMDDWStapRoo,1686205110598,1686205119248
question,/data/SurveyYN/MDDW_module/PWMDDWPulse,1686205119265,1686205126253
question,/data/SurveyYN/MDDW_module/PWMDDWNuts,1686205126268,1686205136334
question,/data/SurveyYN/MDDW_module/PWMDDWMilk,1686205136349,1686205138225
question,/data/SurveyYN/MDDW_module/PWMDDWDairy,1686205138241,1686205139864
question,/data/SurveyYN/MDDW_module/PWMDDWPrMeatO,1686205139878,1686205141937
question,/data/SurveyYN/MDDW_module/PWMDDWPrMeatF,1686205141952,1686205143727
question,/data/SurveyYN/MDDW_module/PWMDDWPrMeatPro,1686205143741,1686205146161
question,/data/SurveyYN/MDDW_module/PWMDDWPrMeatWhite,1686205146174,1686205148713
question,/data/SurveyYN/MDDW_module/PWMDDWPrFish,1686205148729,1686205150478
question,/data/SurveyYN/MDDW_module/PWMDDWPrEgg,1686205150493,1686205152652
question,/data/SurveyYN/MDDW_module/PWMDDWVegGre,1686205152666,1686205155946
question,/data/SurveyYN/MDDW_module/PWMDDWVegOrg,1686205155960,1686205163351
question,/data/SurveyYN/MDDW_module/PWMDDWFruitOrg,1686205163364,1686205173336
question,/data/SurveyYN/MDDW_module/PWMDDWVegOth,1686205173352,1686205184979
question,/data/SurveyYN/MDDW_module/PWMDDWFruitOth,1686205184993,1686205190816
question,/data/SurveyYN/MDDW_module/PWMDDWSnf,1686205190832,1686205193113
question,/data/SurveyYN/Thank_you/note_end,1686205193127,1686205194897
question,/data/SurveyYN/Thank_you/RESPPhNmbAlt,1686205194912,1686205219109
question,/data/SurveyYN/Thank_you/comments,1686205219121,1686205291951
question,/data/SurveyYN/Thank_you/remarks,1686205291964,1686205299960
end screen,,1686205299970,1686205301376
form save,,1686205301927,
form exit,,1686205301927,
form finalize,,1686205301927,
form resume,,1686233752308,
jump,,1686233752309,1686233757790
question,/data/Technical_module/SvyDate,1686233759554,1686233773686
question,/data/Technical_module/HHCoord,1686233773853,1686233775415
question,/data/Technical_module/ADMIN1Name,1686233775433,1686233777059
question,/data/Technical_module/ADMIN3Name,1686233777081,1686233778897
question,/data/Technical_module/ADMIN5Name,1686233778913,1686233780585
question,/data/Technical_module/EnuName,1686233780621,1686233783237
question,/data/Technical_module/EnuSex,1686233783252,1686233786462
question,/data/Technical_module/sampleYN,1686233786482,1686233788292
question,/data/Technical_module/HHID,1686233788309,1686233814365
question,/data/Technical_module/generated_note_name_20,1686233814534,1686233824978
question,/data/Technical_module/RESPAge,1686233825011,1686233885034
question,/data/Technical_module/RESPSex,1686233885324,1686233901290
question,/data/Technical_module/RESPAge,1686233901364,1686233904210
question,/data/Technical_module/generated_note_name_20,1686233904231,1686233905663
question,/data/Technical_module/HHID,1686233905677,1686233907300
question,/data/Technical_module/sampleYN,1686233907320,1686233908401
question,/data/Technical_module/EnuSex,1686233908413,1686233909547
question,/data/Technical_module/EnuName,1686233909620,1686233910781
question,/data/Technical_module/ADMIN5Name,1686233910800,1686233911592
question,/data/Technical_module/ADMIN3Name,1686233911714,1686233912499
question,/data/Technical_module/ADMIN1Name,1686233912517,1686233913380
question,/data/Technical_module/HHCoord,1686233913394,1686233914399
question,/data/Technical_module/SvyDate,1686233914418,1686233944566
form save,,1686233945462,
form exit,,1686233945462,
form finalize,,1686233945462,
form resume,,1686236998770,
jump,,1686236998770,1686237012879
question,/data/Technical_module/SvyDate,1686237012930,1686237014720
question,/data/Technical_module/HHCoord,1686237014735,1686237015993
question,/data/Technical_module/ADMIN1Name,1686237016007,1686237017478
question,/data/Technical_module/ADMIN3Name,1686237017492,1686237022516
question,/data/Technical_module/ADMIN5Name,1686237022532,1686237025363
question,/data/Technical_module/EnuName,1686237025379,1686237030600
question,/data/Technical_module/EnuSex,1686237030614,1686237032608
question,/data/Technical_module/sampleYN,1686237032623,1686237034808
question,/data/Technical_module/HHID,1686237034819,1686237043868
question,/data/Technical_module/generated_note_name_20,1686237043880,1686237065718
question,/data/Technical_module/RESPAge,1686237065733,1686237070976
question,/data/Technical_module/RESPSex,1686237070990,1686237072902
question,/data/Technical_module/RESPStatus,1686237072915,1686237075109
question,/data/Consent/Consent_1,1686237075123,1686237078472
question,/data/Consent/ConsentYN,1686237078486,1686237080570
question,/data/SurveyYN/Demographic_module/HHStatus,1686237080585,1686237082178
question,/data/SurveyYN/Demographic_module/MDDIHHHDisplArrive,1686237082193,1686237083659
question,/data/SurveyYN/Demographic_module/MDDIHHDisplChoice,1686237083672,1686237086733
question,/data/SurveyYN/Demographic_module/HHhostDisp,1686237086747,1686237088892
question,/data/SurveyYN/Demographic_module/MDDIHHIdDoc,1686237088908,1686237090683
question,/data/SurveyYN/Demographic_module/HHSize,1686237090697,1686237094404
question,/data/SurveyYN/HHMem_health/note_HHMem_health,1686237222515,1686237225206
question,/data/SurveyYN/HHMem_health/note_HHMem_health,1686237351332,1686237354244
question,/data/SurveyYN/HHMem_health/MDDIHHDisabledNb,1686237354258,1686237356140
question,/data/SurveyYN/HHMem_health/note_HH_Health,1686237356156,1686237357648
question,/data/SurveyYN/HHMem_health/MMDIHHHealthFac,1686237357665,1686237359385
question,/data/SurveyYN/HHMem_health/MMDIHHHealthFac_dist,1686237359400,1686237364071
question,/data/SurveyYN/HHMem_health/HHHealthAcMildNeed,1686237364087,1686237370117
question,/data/SurveyYN/HHMem_health/HHHealthAcMildTreat,1686237370133,1686237371787
question,/data/SurveyYN/HHMem_health/HHHealthAcSevereNeed,1686237371801,1686237374027
question,/data/SurveyYN/HHMem_health/HHHealthChronNeed,1686237374042,1686237376035
question,/data/SurveyYN/HHMem_health/HHHealthEmergNeed,1686237376051,1686237377192
question,/data/SurveyYN/Foodbased_remote_module/RESPFoodWorry_YN,1686237377208,1686237378485
question,/data/SurveyYN/Foodbased_remote_module/RESPPercFoodSec,1686237378500,1686237389585
question,/data/SurveyYN/Foodbased_remote_module/RESPMeals,1686237389602,1686237391035
question,/data/SurveyYN/FCS_FCSN_submodule/FCS_note,1686237391051,1686237393113
question,/data/SurveyYN/FCS_FCSN_submodule/FCSNote,1686237393127,1686237394284
question,/data/SurveyYN/FCS_FCSN_submodule/FCSStap,1686237394299,1686237396268
question,/data/SurveyYN/FCS_FCSN_submodule/FCSPulse,1686237396284,1686237397719
question,/data/SurveyYN/FCS_FCSN_submodule/FCSDairy,1686237397734,1686237399062
question,/data/SurveyYN/FCS_FCSN_submodule/FCSPr,1686237399076,1686237400409
question,/data/SurveyYN/FCS_FCSN_submodule/FCSVeg,1686237400424,1686237401720
question,/data/SurveyYN/FCS_FCSN_submodule/FCSNVegOrg,1686237401736,1686237403008
question,/data/SurveyYN/FCS_FCSN_submodule/FCSNVegGre,1686237403025,1686237404225
question,/data/SurveyYN/FCS_FCSN_submodule/FCSFruit,1686237404239,1686237405971
question,/data/SurveyYN/FCS_FCSN_submodule/FCSFat,1686237405989,1686237407505
question,/data/SurveyYN/FCS_FCSN_submodule/FCSSugar,1686237407520,1686237409730
question,/data/SurveyYN/FCS_FCSN_submodule/FCSCond,1686237409746,1686237410972
question,/data/SurveyYN/genrCSI_submodule/rCSI_note,1686237410987,1686237412866
question,/data/SurveyYN/genrCSI_submodule/rCSINote,1686237412883,1686237414140
question,/data/SurveyYN/genrCSI_submodule/rCSILessQlty,1686237414155,1686237422916
question,/data/SurveyYN/genrCSI_submodule/rCSIBorrow,1686237422931,1686237424365
question,/data/SurveyYN/genrCSI_submodule/rCSIMealSize,1686237424379,1686237425768
question,/data/SurveyYN/genrCSI_submodule/rCSIMealAdult,1686237425784,1686237427033
question,/data/SurveyYN/genrCSI_submodule/rCSIMealNb,1686237427044,1686237429151
question,/data/SurveyYN/LhCSEN_submodule/LcsEN_note1,1686237429163,1686237430882
question,/data/SurveyYN/LhCSEN_submodule/LcsEN_note2,1686237430893,1686237432872
question,/data/SurveyYN/LhCSEN_submodule/LcsEN_stress_DomAsset,1686237432885,1686237472146
question,/data/SurveyYN/LhCSEN_submodule/LcsEN_stress_CrdtFood,1686237472165,1686237474782
question,/data/SurveyYN/LhCSEN_submodule/LcsEN_stress_Saving,1686237474798,1686237476218
question,/data/SurveyYN/LhCSEN_submodule/LcsEN_stress_BorrowCash,1686237476234,1686237482265
question,/data/SurveyYN/LhCSEN_submodule/LhCSIEnAccess_stress,1686237482283,1686237484847
question,/data/SurveyYN/LhCSEN_submodule/LcsEN_note3,1686237484862,1686237486141
question,/data/SurveyYN/LhCSEN_submodule/LcsEN_crisis_ProdAssets,1686237486156,1686237489084
question,/data/SurveyYN/LhCSEN_submodule/LcsEN_crisis_Health,1686237489100,1686237492963
question,/data/SurveyYN/LhCSEN_submodule/LcsEN_crisis_OutSchool,1686237492978,1686237494547
question,/data/SurveyYN/LhCSEN_submodule/LhCSIEnAccess_crisis,1686237494561,1686237496528
question,/data/SurveyYN/LhCSEN_submodule/LcsEN_note4,1686237496543,1686237498063
question,/data/SurveyYN/LhCSEN_submodule/LcsEN_em_ChildWork,1686237498079,1686237500533
question,/data/SurveyYN/LhCSEN_submodule/LcsEN_note4,1686237500554,1686237501718
question,/data/SurveyYN/LhCSEN_submodule/LhCSIEnAccess_crisis,1686237501730,1686237508261
question,/data/SurveyYN/LhCSEN_submodule/LcsEN_crisis_OutSchool,1686237508274,1686237512123
question,/data/SurveyYN/LhCSEN_submodule/LhCSIEnAccess_crisis,1686237512135,1686237534907
question,/data/SurveyYN/LhCSEN_submodule/LcsEN_crisis_OutSchool,1686237534918,1686237539545
question,/data/SurveyYN/LhCSEN_submodule/LcsEN_crisis_Health,1686237539560,1686237543066
question,/data/SurveyYN/LhCSEN_submodule/LcsEN_crisis_OutSchool,1686237543080,1686237544228
question,/data/SurveyYN/LhCSEN_submodule/LhCSIEnAccess_crisis,1686237544241,1686237563863
question,/data/SurveyYN/LhCSEN_submodule/LcsEN_note4,1686237563879,1686237565673
question,/data/SurveyYN/LhCSEN_submodule/LcsEN_em_ChildWork,1686237565687,1686237567297
question,/data/SurveyYN/LhCSEN_submodule/LcsEN_note4,1686237567311,1686237592917
question,/data/SurveyYN/LhCSEN_submodule/LcsEN_em_ChildWork,1686237592930,1686237600969
question,/data/SurveyYN/LhCSEN_submodule/LcsEN_em_Begged,1686237600983,1686237603302
question,/data/SurveyYN/LhCSEN_submodule/LcsEN_em_IllegalAct,1686237603315,1686237606726
question,/data/SurveyYN/Expenditures_module/Food_submodule/HHExpFoodNote,1686237606742,1686237613914
question,/data/SurveyYN/Expenditures_module/Food_submodule/HHExpFoodNote_7D,1686237613928,1686237615218
question,/data/SurveyYN/Expenditures_module/Food_submodule/HHExpFCer,1686237615233,1686237616307
question,/data/SurveyYN/Expenditures_module/Food_submodule/HHExpFCer_Purch_7D,1686237616321,1686237618348
question,/data/SurveyYN/Expenditures_module/Food_submodule/HHExpFCer_Purch_MN_7D,1686237618364,1686237622593
question,/data/SurveyYN/Expenditures_module/Food_submodule/HHExpFCer_GiftAid_7D,1686237622609,1686237623916
question,/data/SurveyYN/Expenditures_module/Food_submodule/HHExpFCer_Own_7D,1686237623931,1686237625109
question,/data/SurveyYN/Expenditures_module/Food_submodule/HHExpFTub,1686237625123,1686237626244
question,/data/SurveyYN/Expenditures_module/Food_submodule/HHExpFTub_Purch_7D,1686237626259,1686237627594
question,/data/SurveyYN/Expenditures_module/Food_submodule/HHExpFTub_GiftAid_7D,1686237627610,1686237628767
question,/data/SurveyYN/Expenditures_module/Food_submodule/HHExpFTub_Own_7D,1686237628781,1686237629851
question,/data/SurveyYN/Expenditures_module/Food_submodule/HHExpFPuls,1686237629865,1686237632051
question,/data/SurveyYN/Expenditures_module/Food_submodule/HHExpFPuls_Purch_7D,1686237632064,1686237633212
question,/data/SurveyYN/Expenditures_module/Food_submodule/HHExpFPuls_Purch_MN_7D,1686237633229,1686237635255
question,/data/SurveyYN/Expenditures_module/Food_submodule/HHExpFPuls_GiftAid_7D,1686237635269,1686237636685
question,/data/SurveyYN/Expenditures_module/Food_submodule/HHExpFPuls_Own_7D,1686237636700,1686237642358
question,/data/SurveyYN/Expenditures_module/Food_submodule/HHExpFVeg,1686237642373,1686237643440
question,/data/SurveyYN/Expenditures_module/Food_submodule/HHExpFVeg_Purch_7D,1686237643454,1686237644504
question,/data/SurveyYN/Expenditures_module/Food_submodule/HHExpFVeg_Purch_MN_7D,1686237644519,1686237648779
question,/data/SurveyYN/Expenditures_module/Food_submodule/HHExpFVeg_GiftAid_7D,1686237648795,1686237650134
question,/data/SurveyYN/Expenditures_module/Food_submodule/HHExpFVeg_Own_7D,1686237650148,1686237652492
question,/data/SurveyYN/Expenditures_module/Food_submodule/HHExpFFrt,1686237652507,1686237654023
question,/data/SurveyYN/Expenditures_module/Food_submodule/HHExpFFrt_Purch_7D,1686237654037,1686237656145
question,/data/SurveyYN/Expenditures_module/Food_submodule/HHExpFFrt_GiftAid_7D,1686237656159,1686237658324
question,/data/SurveyYN/Expenditures_module/Food_submodule/HHExpFFrt_Own_7D,1686237658340,1686237659418
question,/data/SurveyYN/Expenditures_module/Food_submodule/HHExpFAnimMeat,1686237659433,1686237660371
question,/data/SurveyYN/Expenditures_module/Food_submodule/HHExpFAnimMeat_Purch_7D,1686237660385,1686237661443
question,/data/SurveyYN/Expenditures_module/Food_submodule/HHExpFAnimMeat_GiftAid_7D,1686237661458,1686237662498
question,/data/SurveyYN/Expenditures_module/Food_submodule/HHExpFAnimMeat_Own_7D,1686237662511,1686237663509
question,/data/SurveyYN/Expenditures_module/Food_submodule/HHExpFAnimFish,1686237663523,1686237664477
question,/data/SurveyYN/Expenditures_module/Food_submodule/HHExpFAnimFish_Purch_7D,1686237664491,1686237665378
question,/data/SurveyYN/Expenditures_module/Food_submodule/HHExpFAnimFish_GiftAid_7D,1686237665392,1686237666470
question,/data/SurveyYN/Expenditures_module/Food_submodule/HHExpFAnimFish_Own_7D,1686237666483,1686237667463
question,/data/SurveyYN/Expenditures_module/Food_submodule/HHExpFFats,1686237667478,1686237668400
question,/data/SurveyYN/Expenditures_module/Food_submodule/HHExpFFats_Purch_7D,1686237668415,1686237669397
question,/data/SurveyYN/Expenditures_module/Food_submodule/HHExpFFats_Purch_MN_7D,1686237669411,1686237673018
question,/data/SurveyYN/Expenditures_module/Food_submodule/HHExpFFats_GiftAid_7D,1686237673034,1686237674237
question,/data/SurveyYN/Expenditures_module/Food_submodule/HHExpFFats_Own_7D,1686237674252,1686237675331
question,/data/SurveyYN/Expenditures_module/Food_submodule/HHExpFDairy,1686237675347,1686237676439
question,/data/SurveyYN/Expenditures_module/Food_submodule/HHExpFDairy_Purch_7D,1686237676457,1686237677386
question,/data/SurveyYN/Expenditures_module/Food_submodule/HHExpFDairy_GiftAid_7D,1686237677400,1686237678435
question,/data/SurveyYN/Expenditures_module/Food_submodule/HHExpFDairy_Own_7D,1686237678451,1686237679436
question,/data/SurveyYN/Expenditures_module/Food_submodule/HHExpFEgg,1686237679452,1686237680441
question,/data/SurveyYN/Expenditures_module/Food_submodule/HHExpFEgg_Purch_7D,1686237680455,1686237681609
question,/data/SurveyYN/Expenditures_module/Food_submodule/HHExpFEgg_GiftAid_7D,1686237681624,1686237682698
question,/data/SurveyYN/Expenditures_module/Food_submodule/HHExpFEgg_Own_7D,1686237682712,1686237683603
question,/data/SurveyYN/Expenditures_module/Food_submodule/HHExpFSgr,1686237683620,1686237684988
question,/data/SurveyYN/Expenditures_module/Food_submodule/HHExpFSgr_Purch_7D,1686237685002,1686237685933
question,/data/SurveyYN/Expenditures_module/Food_submodule/HHExpFSgr_Purch_MN_7D,1686237685948,1686237695509
question,/data/SurveyYN/Expenditures_module/Food_submodule/HHExpFSgr_GiftAid_7D,1686237695527,1686237699051
question,/data/SurveyYN/Expenditures_module/Food_submodule/HHExpFSgr_GiftAid_MN_7D,1686237699066,1686237700830
question,/data/SurveyYN/Expenditures_module/Food_submodule/HHExpFSgr_Own_7D,1686237700843,1686237702308
question,/data/SurveyYN/Expenditures_module/Food_submodule/HHExpFCond,1686237702318,1686237704719
question,/data/SurveyYN/Expenditures_module/Food_submodule/HHExpFCond_Purch_7D,1686237704731,1686237706056
question,/data/SurveyYN/Expenditures_module/Food_submodule/HHExpFCond_Purch_MN_7D,1686237706066,1686237708294
question,/data/SurveyYN/Expenditures_module/Food_submodule/HHExpFCond_GiftAid_7D,1686237708307,1686237709558
question,/data/SurveyYN/Expenditures_module/Food_submodule/HHExpFCond_Own_7D,1686237709569,1686237710811
question,/data/SurveyYN/Expenditures_module/Food_submodule/HHExpFBev,1686237710824,1686237713761
question,/data/SurveyYN/Expenditures_module/Food_submodule/HHExpFBev_Purch_7D,1686237713774,1686237714850
question,/data/SurveyYN/Expenditures_module/Food_submodule/HHExpFBev_GiftAid_7D,1686237714863,1686237716288
question,/data/SurveyYN/Expenditures_module/Food_submodule/HHExpFBev_Own_7D,1686237716301,1686237717295
question,/data/SurveyYN/Expenditures_module/Food_submodule/HHExpFOut,1686237717306,1686237718361
question,/data/SurveyYN/Expenditures_module/Food_submodule/HHExpFOut_Purch_7D,1686237718373,1686237719338
question,/data/SurveyYN/Expenditures_module/Food_submodule/HHExpFOut_Purch_MN_7D,1686237719350,1686237721114
question,/data/SurveyYN/Expenditures_module/Food_submodule/HHExpFOut_GiftAid_7D,1686237721126,1686237722701
question,/data/SurveyYN/Expenditures_module/Food_submodule/HHExpFOut_Own_7D,1686237722713,1686237728478
question,/data/SurveyYN/Expenditures_module/NonFoodConsumption_submodule/HHExpNFConsNote,1686237728491,1686237730281
question,/data/SurveyYN/Expenditures_module/NonFoodConsumption_submodule/HHExpNFHyg,1686237730293,1686237731977
question,/data/SurveyYN/Expenditures_module/NonFoodConsumption_submodule/HHExpNFHyg_Purch_1M,1686237731988,1686237733088
question,/data/SurveyYN/Expenditures_module/NonFoodConsumption_submodule/HHExpNFHyg_Purch_MN_1M,1686237733102,1686237737415
question,/data/SurveyYN/Expenditures_module/NonFoodConsumption_submodule/HHExpNFHyg_GiftAid_1M,1686237737429,1686237738751
question,/data/SurveyYN/Expenditures_module/NonFoodConsumption_submodule/HHExpNFHyg_GiftAid_MN_1M,1686237738762,1686237742357
question,/data/SurveyYN/Expenditures_module/NonFoodConsumption_submodule/HHExpNFTransp,1686237742375,1686237744642
question,/data/SurveyYN/Expenditures_module/NonFoodConsumption_submodule/HHExpNFTransp_Purch_1M,1686237744657,1686237745974
question,/data/SurveyYN/Expenditures_module/NonFoodConsumption_submodule/HHExpNFTransp_GiftAid_1M,1686237745988,1686237747102
question,/data/SurveyYN/Expenditures_module/NonFoodConsumption_submodule/HHExpNFFuel,1686237747115,1686237748393
question,/data/SurveyYN/Expenditures_module/NonFoodConsumption_submodule/HHExpNFFuel_Purch_1M,1686237748406,1686237750260
question,/data/SurveyYN/Expenditures_module/NonFoodConsumption_submodule/HHExpNFFuel_Purch_MN_1M,1686237750272,1686237758136
question,/data/SurveyYN/Expenditures_module/NonFoodConsumption_submodule/HHExpNFFuel_GiftAid_1M,1686237758149,1686237762204
question,/data/SurveyYN/Expenditures_module/NonFoodConsumption_submodule/HHExpNFWat,1686237762218,1686237763688
question,/data/SurveyYN/Expenditures_module/NonFoodConsumption_submodule/HHExpNFWat_Purch_1M,1686237763700,1686237764855
question,/data/SurveyYN/Expenditures_module/NonFoodConsumption_submodule/HHExpNFWat_Purch_MN_1M,1686237764868,1686237766607
question,/data/SurveyYN/Expenditures_module/NonFoodConsumption_submodule/HHExpNFWat_GiftAid_1M,1686237766620,1686237768014
question,/data/SurveyYN/Expenditures_module/NonFoodConsumption_submodule/HHExpNFEnerg,1686237768028,1686237769492
question,/data/SurveyYN/Expenditures_module/NonFoodConsumption_submodule/HHExpNFEnerg_Purch_1M,1686237769505,1686237770766
question,/data/SurveyYN/Expenditures_module/NonFoodConsumption_submodule/HHExpNFEnerg_Purch_MN_1M,1686237770780,1686237774396
question,/data/SurveyYN/Expenditures_module/NonFoodConsumption_submodule/HHExpNFEnerg_Purch_1M,1686237774411,1686237784603
question,/data/SurveyYN/Expenditures_module/NonFoodConsumption_submodule/HHExpNFEnerg_GiftAid_1M,1686237784618,1686237790159
question,/data/SurveyYN/Expenditures_module/NonFoodConsumption_submodule/HHExpNFEnerg_Own_1M,1686237790173,1686237852881
question,/data/SurveyYN/Expenditures_module/NonFoodConsumption_submodule/HHExpNFEnerg_GiftAid_1M,1686237852897,1686237855098
question,/data/SurveyYN/Expenditures_module/NonFoodConsumption_submodule/HHExpNFEnerg_Own_1M,1686237855114,1686237875789
question,/data/SurveyYN/Expenditures_module/NonFoodConsumption_submodule/HHExpNFDwelSer,1686237875799,1686237880614
question,/data/SurveyYN/Expenditures_module/NonFoodConsumption_submodule/HHExpNFDwelSer_Purch_1M,1686237880628,1686237885683
question,/data/SurveyYN/Expenditures_module/NonFoodConsumption_submodule/HHExpNFDwelSer_GiftAid_1M,1686237885696,1686237889637
question,/data/SurveyYN/Expenditures_module/NonFoodConsumption_submodule/HHExpNFPhone,1686237889649,1686237891345
question,/data/SurveyYN/Expenditures_module/NonFoodConsumption_submodule/HHExpNFPhone_Purch_1M,1686237891357,1686237894058
question,/data/SurveyYN/Expenditures_module/NonFoodConsumption_submodule/HHExpNFPhone_Purch_MN_1M,1686237894071,1686237895908
question,/data/SurveyYN/Expenditures_module/NonFoodConsumption_submodule/HHExpNFPhone_GiftAid_1M,1686237895923,1686237900963
question,/data/SurveyYN/Expenditures_module/NonFoodConsumption_submodule/HHExpNFRecr,1686237900977,1686237902445
question,/data/SurveyYN/Expenditures_module/NonFoodConsumption_submodule/HHExpNFRecr_Purch_1M,1686237902459,1686237903562
question,/data/SurveyYN/Expenditures_module/NonFoodConsumption_submodule/HHExpNFRecr_GiftAid_1M,1686237903575,1686237904696
question,/data/SurveyYN/Expenditures_module/NonFoodConsumption_submodule/HHExpNFAlcTobac,1686237904710,1686237906106
question,/data/SurveyYN/Expenditures_module/NonFoodConsumption_submodule/HHExpNFAlcTobac_Purch_1M,1686237906119,1686237907260
question,/data/SurveyYN/Expenditures_module/NonFoodConsumption_submodule/HHExpNFAlcTobac_Purch_MN_1M,1686237907274,1686237933174
question,/data/SurveyYN/Expenditures_module/NonFoodConsumption_submodule/HHExpNFAlcTobac_GiftAid_1M,1686237933190,1686237936797
question,/data/SurveyYN/Expenditures_module/NonFoodConsumption_submodule/HHExpNFAlcTobac_GiftAid_MN_1M,1686237936812,1686237940354
question,/data/SurveyYN/Expenditures_module/NonFoodIntermediate_submodule/HHExpNFIntNote,1686237940367,1686237942650
question,/data/SurveyYN/Expenditures_module/NonFoodIntermediate_submodule/HHExpNFMedServ,1686237942665,1686237944425
question,/data/SurveyYN/Expenditures_module/NonFoodIntermediate_submodule/HHExpNFMedServ_Purch_6M,1686237944439,1686237945743
question,/data/SurveyYN/Expenditures_module/NonFoodIntermediate_submodule/HHExpNFMedServ_Purch_MN_6M,1686237945756,1686237951227
question,/data/SurveyYN/Expenditures_module/NonFoodIntermediate_submodule/HHExpNFMedServ_GiftAid_6M,1686237951240,1686237952781
question,/data/SurveyYN/Expenditures_module/NonFoodIntermediate_submodule/HHExpNFMedGood,1686237952798,1686237954435
question,/data/SurveyYN/Expenditures_module/NonFoodIntermediate_submodule/HHExpNFMedGood_Purch_6M,1686237954448,1686237956160
question,/data/SurveyYN/Expenditures_module/NonFoodIntermediate_submodule/HHExpNFMedGood_Purch_MN_6M,1686237956174,1686237961286
question,/data/SurveyYN/Expenditures_module/NonFoodIntermediate_submodule/HHExpNFMedGood_GiftAid_6M,1686237961301,1686237965166
question,/data/SurveyYN/Expenditures_module/NonFoodIntermediate_submodule/HHExpNFCloth,1686237965178,1686237967712
question,/data/SurveyYN/Expenditures_module/NonFoodIntermediate_submodule/HHExpNFCloth_Purch_6M,1686237967724,1686237968823
question,/data/SurveyYN/Expenditures_module/NonFoodIntermediate_submodule/HHExpNFCloth_Purch_MN_6M,1686237968835,1686237970539
question,/data/SurveyYN/Expenditures_module/NonFoodIntermediate_submodule/HHExpNFCloth_GiftAid_6M,1686237970553,1686237971834
question,/data/SurveyYN/Expenditures_module/NonFoodIntermediate_submodule/HHExpNFCloth_GiftAid_MN_6M,1686237971844,1686237976574
question,/data/SurveyYN/Expenditures_module/NonFoodIntermediate_submodule/HHExpNFEduFee,1686237976587,1686237978229
question,/data/SurveyYN/Expenditures_module/NonFoodIntermediate_submodule/HHExpNFEduFee_Purch_6M,1686237978240,1686237979386
question,/data/SurveyYN/Expenditures_module/NonFoodIntermediate_submodule/HHExpNFEduFee_Purch_MN_6M,1686237979396,1686237981584
question,/data/SurveyYN/Expenditures_module/NonFoodIntermediate_submodule/HHExpNFEduFee_GiftAid_6M,1686237981595,1686237983581
question,/data/SurveyYN/Expenditures_module/NonFoodIntermediate_submodule/HHExpNFEduGood,1686237983592,1686237984933
question,/data/SurveyYN/Expenditures_module/NonFoodIntermediate_submodule/HHExpNFEduGood_Purch_6M,1686237984943,1686237995006
question,/data/SurveyYN/Expenditures_module/NonFoodIntermediate_submodule/HHExpNFEduGood,1686237995023,1686237996743
question,/data/SurveyYN/Expenditures_module/NonFoodIntermediate_submodule/HHExpNFEduGood_Purch_6M,1686237996758,1686238007456
question,/data/SurveyYN/Expenditures_module/NonFoodIntermediate_submodule/HHExpNFEduGood_Purch_MN_6M,1686238007469,1686238017298
question,/data/SurveyYN/Expenditures_module/NonFoodIntermediate_submodule/HHExpNFEduGood_GiftAid_6M,1686238017313,1686238021693
question,/data/SurveyYN/Expenditures_module/NonFoodIntermediate_submodule/HHExpNFEduGood_GiftAid_MN_6M,1686238021710,1686238036948
question,/data/SurveyYN/Expenditures_module/NonFoodIntermediate_submodule/HHExpNFRent,1686238036962,1686238038708
question,/data/SurveyYN/Expenditures_module/NonFoodIntermediate_submodule/HHExpNFRent_Purch_6M,1686238038724,1686238043987
question,/data/SurveyYN/Expenditures_module/NonFoodIntermediate_submodule/HHExpNFRent_Purch_MN_6M,1686238043999,1686238045759
question,/data/SurveyYN/Expenditures_module/NonFoodIntermediate_submodule/HHExpNFRent_GiftAid_6M,1686238045772,1686238049808
question,/data/SurveyYN/Expenditures_module/NonFoodIntermediate_submodule/HHExpNFHHSoft,1686238049823,1686238051521
question,/data/SurveyYN/Expenditures_module/NonFoodIntermediate_submodule/HHExpNFHHSoft_Purch_6M,1686238051534,1686238127499
question,/data/SurveyYN/Expenditures_module/NonFoodIntermediate_submodule/HHExpNFHHSoft_GiftAid_6M,1686238127512,1686238137547
question,/data/SurveyYN/Expenditures_module/NonFoodIntermediate_submodule/HHExpNFHHSoft_GiftAid_MN_6M,1686238137564,1686238145219
question,/data/SurveyYN/Expenditures_module/NonFoodIntermediate_submodule/HHExpNFHHMaint,1686238145233,1686238146789
question,/data/SurveyYN/Expenditures_module/NonFoodIntermediate_submodule/HHExpNFHHMaint_Purch_6M,1686238146803,1686238149538
question,/data/SurveyYN/Expenditures_module/NonFoodIntermediate_submodule/HHExpNFHHMaint_GiftAid_6M,1686238149550,1686238150805
question,/data/SurveyYN/Assistance_module/AssistanceENA_submodule/HHAsstWFPCBTRecYN,1686238150823,1686238152669
question,/data/SurveyYN/Assistance_module/AssistanceENA_submodule/HHAsstWFPCBTRecTot,1686238152682,1686238157190
question,/data/SurveyYN/Assistance_module/AssistanceENA_submodule/ShanFiftyPercentRation,1686238157205,1686238159024
question,/data/SurveyYN/Assistance_module/AssistanceENA_submodule/ShanHundredPercentRation,1686238159037,1686238161358
question,/data/SurveyYN/Assistance_module/AssistanceENA_submodule/HHAsstUNNGOCBTRecYN,1686238161372,1686238163293
question,/data/SurveyYN/Assistance_module/AssistanceENA_submodule/HHAsstOthCBTRecYN,1686238163308,1686238164625
question,/data/SurveyYN/Assistance_module/AssistanceENA_submodule/HHAsstCBTCShare,1686238164640,1686238166628
question,/data/SurveyYN/Income_submodule/HHIncAll,1686238166642,1686238168135
question,/data/SurveyYN/Income_submodule/HHHOccupation,1686238168148,1686238170203
question,/data/SurveyYN/Income_submodule/HHInc_PCT,1686238170217,1686238171657
question,/data/SurveyYN/Income_submodule/HHIncNb,1686238171670,1686238173461
question,/data/SurveyYN/Income_submodule/HHIncFirst,1686238173475,1686238178059
question,/data/SurveyYN/Income_submodule/HHIncFirst_SRi,1686238178074,1686238181539
question,/data/SurveyYN/Income_submodule/HHIncFirst_PCT,1686238181551,1686238186966
question,/data/SurveyYN/Income_submodule/HHIncF_PCT,1686238186978,1686238189153
question,/data/SurveyYN/Income_submodule/HHInc017_PCT,1686238189165,1686238190989
question,/data/SurveyYN/Income_submodule/HHIncChg,1686238191001,1686238192862
question,/data/SurveyYN/FIES_module/FIESHHNote,1686238192875,1686238195320
question,/data/SurveyYN/FIES_module/FIESHHWorried,1686238195334,1686238197730
question,/data/SurveyYN/FIES_module/FIESHHHealthy,1686238197742,1686238198982
question,/data/SurveyYN/FIES_module/FIESHHFewFoods,1686238198995,1686238199993
question,/data/SurveyYN/FIES_module/FIESHHSkipped,1686238200008,1686238200894
question,/data/SurveyYN/FIES_module/FIESHHAteLess,1686238200910,1686238201849
question,/data/SurveyYN/FIES_module/FIESHHRanOut,1686238201863,1686238202877
question,/data/SurveyYN/FIES_module/HHSNoFood_FR,1686238202890,1686238204593
question,/data/SurveyYN/FIES_module/FIESHHHungry,1686238204606,1686238205689
question,/data/SurveyYN/FIES_module/FIESHHWholeDay,1686238205704,1686238206682
question,/data/SurveyYN/Housing_module/HouseBasic_submodule/note_Housing,1686238206695,1686238208040
question,/data/SurveyYN/Housing_module/HouseBasic_submodule/HHDwellType,1686238208054,1686238212655
question,/data/SurveyYN/Housing_module/HouseBasic_submodule/note_Housing,1686238212671,1686238213656
question,/data/SurveyYN/FIES_module/FIESHHWholeDay,1686238213670,1686238214452
question,/data/SurveyYN/FIES_module/FIESHHHungry,1686238214465,1686238215131
question,/data/SurveyYN/FIES_module/HHSNoFood_FR,1686238215143,1686238215859
question,/data/SurveyYN/FIES_module/FIESHHRanOut,1686238215871,1686238216884
question,/data/SurveyYN/FIES_module/FIESHHAteLess,1686238216899,1686238217831
question,/data/SurveyYN/FIES_module/FIESHHSkipped,1686238217845,1686238219137
question,/data/SurveyYN/FIES_module/FIESHHFewFoods,1686238219150,1686238223334
question,/data/SurveyYN/FIES_module/FIESHHHealthy,1686238223349,1686238224615
question,/data/SurveyYN/FIES_module/FIESHHWorried,1686238224627,1686238226909
question,/data/SurveyYN/FIES_module/FIESHHNote,1686238226924,1686238228465
question,/data/SurveyYN/Income_submodule/HHIncChg,1686238228482,1686238230043
question,/data/SurveyYN/Income_submodule/HHInc017_PCT,1686238230058,1686238232228
question,/data/SurveyYN/Income_submodule/HHIncF_PCT,1686238232242,1686238233619
question,/data/SurveyYN/Income_submodule/HHIncFirst_PCT,1686238233634,1686238235079
question,/data/SurveyYN/Income_submodule/HHIncFirst_SRi,1686238235094,1686238237661
question,/data/SurveyYN/Income_submodule/HHIncFirst,1686238237674,1686238239102
question,/data/SurveyYN/Income_submodule/HHIncNb,1686238239115,1686238241081
question,/data/SurveyYN/Income_submodule/HHInc_PCT,1686238241096,1686238242323
question,/data/SurveyYN/Income_submodule/HHHOccupation,1686238242337,1686238243738
question,/data/SurveyYN/Income_submodule/HHIncAll,1686238243752,1686238245588
question,/data/SurveyYN/Assistance_module/AssistanceENA_submodule/HHAsstCBTCShare,1686238245602,1686238247226
question,/data/SurveyYN/Assistance_module/AssistanceENA_submodule/HHAsstOthCBTRecYN,1686238247241,1686238251346
question,/data/SurveyYN/Assistance_module/AssistanceENA_submodule/HHAsstUNNGOCBTRecYN,1686238251357,1686238253234
question,/data/SurveyYN/Assistance_module/AssistanceENA_submodule/ShanHundredPercentRation,1686238253247,1686238257044
question,/data/SurveyYN/Assistance_module/AssistanceENA_submodule/HHAsstUNNGOCBTRecYN,1686238257057,1686238258268
question,/data/SurveyYN/Assistance_module/AssistanceENA_submodule/HHAsstOthCBTRecYN,1686238258280,1686238259147
question,/data/SurveyYN/Assistance_module/AssistanceENA_submodule/HHAsstCBTCShare,1686238259159,1686238261405
question,/data/SurveyYN/Income_submodule/HHIncAll,1686238261420,1686238262210
question,/data/SurveyYN/Income_submodule/HHHOccupation,1686238262224,1686238265456
question,/data/SurveyYN/Income_submodule/HHInc_PCT,1686238265471,1686238267187
question,/data/SurveyYN/Income_submodule/HHHOccupation,1686238267205,1686238304367
question,/data/SurveyYN/Income_submodule/HHInc_PCT,1686238304384,1686238307264
question,/data/SurveyYN/Income_submodule/HHIncNb,1686238307280,1686238308775
question,/data/SurveyYN/Income_submodule/HHIncFirst,1686238308788,1686238310110
question,/data/SurveyYN/Income_submodule/HHIncFirst_SRi,1686238310124,1686238313037
question,/data/SurveyYN/Income_submodule/HHIncFirst_PCT,1686238313051,1686238316375
question,/data/SurveyYN/Income_submodule/HHIncF_PCT,1686238316390,1686238319069
question,/data/SurveyYN/Income_submodule/HHInc017_PCT,1686238319084,1686238320710
question,/data/SurveyYN/Income_submodule/HHIncChg,1686238320724,1686238322420
question,/data/SurveyYN/FIES_module/FIESHHNote,1686238322434,1686238323966
question,/data/SurveyYN/FIES_module/FIESHHWorried,1686238323979,1686238325406
question,/data/SurveyYN/FIES_module/FIESHHHealthy,1686238325420,1686238326664
question,/data/SurveyYN/FIES_module/FIESHHFewFoods,1686238326680,1686238327761
question,/data/SurveyYN/FIES_module/FIESHHSkipped,1686238327775,1686238328791
question,/data/SurveyYN/FIES_module/FIESHHAteLess,1686238328808,1686238329851
question,/data/SurveyYN/FIES_module/FIESHHRanOut,1686238329864,1686238330730
question,/data/SurveyYN/FIES_module/HHSNoFood_FR,1686238330743,1686238331553
question,/data/SurveyYN/FIES_module/FIESHHHungry,1686238331566,1686238332335
question,/data/SurveyYN/FIES_module/FIESHHWholeDay,1686238332346,1686238333182
question,/data/SurveyYN/Housing_module/HouseBasic_submodule/note_Housing,1686238333197,1686238334414
question,/data/SurveyYN/Housing_module/HouseBasic_submodule/HHDwellType,1686238334427,1686238336864
question,/data/SurveyYN/Housing_module/HouseBasic_submodule/HHTenureType,1686238336878,1686238342157
question,/data/SurveyYN/Housing_module/HouseBasic_submodule/HHTenureRisk,1686238342172,1686238343855
question,/data/SurveyYN/Housing_module/HouseBasic_submodule/HHTenureType,1686238343871,1686238349216
question,/data/SurveyYN/Housing_module/HouseBasic_submodule/HHTenureRisk,1686238349229,1686238351186
question,/data/SurveyYN/Housing_module/HouseBasic_submodule/HHRoomUsed,1686238351202,1686238354409
question,/data/SurveyYN/Housing_module/HouseBasic_submodule/HHWallType,1686238354423,1686238357090
question,/data/SurveyYN/Housing_module/HouseBasic_submodule/HHRoofType,1686238357106,1686238359140
question,/data/SurveyYN/Housing_module/HouseBasic_submodule/HHFloorType,1686238359155,1686238362004
question,/data/SurveyYN/Housing_module/HouseBasic_submodule/HHToiletType,1686238362018,1686238376487
question,/data/SurveyYN/Housing_module/HouseBasic_submodule/HHToiletWho,1686238376500,1686238377733
question,/data/SurveyYN/Housing_module/HouseBasic_submodule/HHEnerCookStove,1686238377750,1686238384547
question,/data/SurveyYN/Housing_module/HouseBasic_submodule/HHEnerCookSRC,1686238384560,1686238388400
question,/data/SurveyYN/Housing_module/HouseBasic_submodule/HHEnerLightSRC,1686238388415,1686238390263
question,/data/SurveyYN/WaterSources_submodule/HHWaterSRC,1686238390278,1686238393258
question,/data/SurveyYN/WaterSources_submodule/HHWaterLoc,1686238393275,1686238396338
question,/data/SurveyYN/Assets_module/WealthSimpleHouseholdItems_submodule/note_assets,1686238396353,1686238397749
question,/data/SurveyYN/Assets_module/WealthSimpleHouseholdItems_submodule/WealthSimpleHouseholdItems,1686238397762,1686238399298
question,/data/SurveyYN/Assets_module/WealthBasicElecItems_submodule/WealthBasicElecItems,1686238399311,1686238400678
question,/data/SurveyYN/Assets_module/WealthAdvElecItems_submodule/WealthAdvElecItems,1686238400692,1686238402969
question,/data/SurveyYN/Assets_module/WealthTransportAssets_submodule/WealthTransportAssets,1686238402984,1686238404223
question,/data/SurveyYN/Assets_module/WealthLivestockAssets_submodule/WealthLivestockAssets,1686238404238,1686238405542
question,/data/SurveyYN/Assets_module/WealthLivelihoodsAssets_submodule/WealthLivelihoodsAssets,1686238405556,1686238406679
question,/data/SurveyYN/Safety_module/SafetyBasic_submodule/note_SafetyBasic,1686238406694,1686238408035
question,/data/SurveyYN/Safety_module/SafetyBasic_submodule/MDDIHHPercSafe,1686238408049,1686238409618
question,/data/SurveyYN/Safety_module/SafetyBasic_submodule/MDDIHHShInsec6M,1686238409634,1686238410663
question,/data/SurveyYN/Safety_module/SafetyBasic_submodule/MDDIHHDiscrim,1686238410679,1686238411586
question,/data/SurveyYN/MDDW_module/MDDW_note,1686238411603,1686238412791
question,/data/SurveyYN/MDDW_module/noteMDDW,1686238412804,1686238413678
question,/data/SurveyYN/MDDW_module/PWMDDWStapCer,1686238413691,1686238414508
question,/data/SurveyYN/MDDW_module/PWMDDWStapRoo,1686238414523,1686238419067
question,/data/SurveyYN/MDDW_module/PWMDDWPulse,1686238419084,1686238420508
question,/data/SurveyYN/MDDW_module/PWMDDWNuts,1686238420525,1686238421392
question,/data/SurveyYN/MDDW_module/PWMDDWMilk,1686238421406,1686238422685
question,/data/SurveyYN/MDDW_module/PWMDDWDairy,1686238422701,1686238423505
question,/data/SurveyYN/MDDW_module/PWMDDWPrMeatO,1686238423520,1686238424293
question,/data/SurveyYN/MDDW_module/PWMDDWPrMeatF,1686238424309,1686238425057
question,/data/SurveyYN/MDDW_module/PWMDDWPrMeatPro,1686238425071,1686238425818
question,/data/SurveyYN/MDDW_module/PWMDDWPrMeatWhite,1686238425832,1686238426596
question,/data/SurveyYN/MDDW_module/PWMDDWPrFish,1686238426610,1686238427325
question,/data/SurveyYN/MDDW_module/PWMDDWPrEgg,1686238427339,1686238428159
question,/data/SurveyYN/MDDW_module/PWMDDWVegGre,1686238428173,1686238428882
question,/data/SurveyYN/MDDW_module/PWMDDWVegOrg,1686238428899,1686238432044
question,/data/SurveyYN/MDDW_module/PWMDDWFruitOrg,1686238432058,1686238433090
question,/data/SurveyYN/MDDW_module/PWMDDWVegOth,1686238433106,1686238433852
question,/data/SurveyYN/MDDW_module/PWMDDWFruitOth,1686238433866,1686238434590
question,/data/SurveyYN/MDDW_module/PWMDDWSnf,1686238434605,1686238435252
question,/data/SurveyYN/Thank_you/note_end,1686238435270,1686238436618
question,/data/SurveyYN/Thank_you/RESPPhNmbAlt,1686238436634,1686238438866
question,/data/SurveyYN/Thank_you/comments,1686238438882,1686238444963
question,/data/SurveyYN/Thank_you/remarks,1686238444976,1686238448288
end screen,,1686238448302,1686238449692
form save,,1686238450283,
form exit,,1686238450283,
form finalize,,1686238450284,
form resume,,1686238466698,
jump,,1686238466698,1686238469575
question,/data/Technical_module/SvyDate,1686238469610,1686238476060
form save,,1686238476455,
form exit,,1686238476455,
form finalize,,1686238476455,
